{
 "cells": [
  {
   "cell_type": "markdown",
   "metadata": {
    "slideshow": {
     "slide_type": "slide"
    }
   },
   "source": [
    "# Lecture 4: Advanced data structures & logical indexing\n",
    "ENVR 890-001: Python for Environmental Research, Fall 2020\n",
    "\n",
    "September 4, 2020\n",
    "\n",
    "By Andrew Hamilton. Some material adapted from Greg Characklis, David Gorelick and H.B. Zeff."
   ]
  },
  {
   "cell_type": "markdown",
   "metadata": {
    "slideshow": {
     "slide_type": "fragment"
    }
   },
   "source": [
    "## Summary\n",
    "In this lecture, we will first learn about using **list comprehensions** to write for loops in a more efficient and compact way. We will then move beyond the standard data structures (list, tuple, dictionary) to two advanced data structures, the **NumPy array** and the **Pandas DataFrame**. Along the way, we will learn how **logical indexing** can be used with NumPy and Pandas as a powerful tool to retrieve and manipulate particular subsets of data."
   ]
  },
  {
   "cell_type": "markdown",
   "metadata": {
    "slideshow": {
     "slide_type": "slide"
    }
   },
   "source": [
    "## List comprehensions\n",
    "As we learned last week, **loops** can be used to execute a code block for every item in a data structure. For example, to a list of the cosines of all integer degrees between 0 and 90, we can write:"
   ]
  },
  {
   "cell_type": "code",
   "execution_count": 1,
   "metadata": {
    "slideshow": {
     "slide_type": "fragment"
    }
   },
   "outputs": [],
   "source": [
    "import math\n",
    "\n",
    "def radians(degrees):\n",
    "    return degrees * (2 * math.pi / 360)"
   ]
  },
  {
   "cell_type": "code",
   "execution_count": 2,
   "metadata": {
    "slideshow": {
     "slide_type": "fragment"
    }
   },
   "outputs": [
    {
     "name": "stdout",
     "output_type": "stream",
     "text": [
      "[1.0, 0.9998476951563913, 0.9993908270190958, 0.9986295347545738, 0.9975640502598242, 0.9961946980917455, 0.9945218953682733, 0.992546151641322, 0.9902680687415704, 0.9876883405951378, 0.984807753012208, 0.981627183447664, 0.9781476007338057, 0.9743700647852352, 0.9702957262759965, 0.9659258262890683, 0.9612616959383189, 0.9563047559630354, 0.9510565162951535, 0.9455185755993168, 0.9396926207859084, 0.9335804264972017, 0.9271838545667874, 0.9205048534524404, 0.9135454576426009, 0.9063077870366499, 0.898794046299167, 0.8910065241883679, 0.882947592858927, 0.8746197071393957, 0.8660254037844387, 0.8571673007021123, 0.848048096156426, 0.838670567945424, 0.8290375725550416, 0.8191520442889918, 0.8090169943749475, 0.7986355100472928, 0.7880107536067219, 0.7771459614569709, 0.766044443118978, 0.754709580222772, 0.7431448254773942, 0.7313537016191705, 0.7193398003386512, 0.7071067811865476, 0.6946583704589973, 0.6819983600624985, 0.6691306063588582, 0.6560590289905073, 0.6427876096865394, 0.6293203910498375, 0.6156614753256583, 0.6018150231520484, 0.5877852522924731, 0.5735764363510462, 0.5591929034707468, 0.5446390350150271, 0.5299192642332049, 0.5150380749100542, 0.5000000000000001, 0.4848096202463371, 0.46947156278589086, 0.4539904997395468, 0.43837114678907746, 0.42261826174069944, 0.4067366430758002, 0.3907311284892737, 0.37460659341591196, 0.3583679495453004, 0.3420201433256688, 0.32556815445715676, 0.30901699437494745, 0.29237170472273677, 0.27563735581699916, 0.25881904510252074, 0.24192189559966767, 0.22495105434386492, 0.20791169081775945, 0.19080899537654492, 0.17364817766693041, 0.15643446504023092, 0.13917310096006547, 0.12186934340514749, 0.10452846326765346, 0.08715574274765814, 0.06975647374412523, 0.052335956242943966, 0.03489949670250108, 0.0174524064372836, 6.123233995736766e-17]\n",
      "\n",
      "91\n"
     ]
    }
   ],
   "source": [
    "cos = []\n",
    "for d in range(0, 91):\n",
    "    cos.append( math.cos( radians(d) ) )\n",
    "print(cos)\n",
    "print()\n",
    "print( len(cos) )"
   ]
  },
  {
   "cell_type": "markdown",
   "metadata": {
    "slideshow": {
     "slide_type": "fragment"
    }
   },
   "source": [
    "[**List comprehensions**](https://docs.python.org/3/tutorial/datastructures.html) are a way to write for loops in a more compact and computationally efficient way:"
   ]
  },
  {
   "cell_type": "code",
   "execution_count": 3,
   "metadata": {
    "slideshow": {
     "slide_type": "fragment"
    }
   },
   "outputs": [
    {
     "name": "stdout",
     "output_type": "stream",
     "text": [
      "[1.0, 0.9998476951563913, 0.9993908270190958, 0.9986295347545738, 0.9975640502598242, 0.9961946980917455, 0.9945218953682733, 0.992546151641322, 0.9902680687415704, 0.9876883405951378, 0.984807753012208, 0.981627183447664, 0.9781476007338057, 0.9743700647852352, 0.9702957262759965, 0.9659258262890683, 0.9612616959383189, 0.9563047559630354, 0.9510565162951535, 0.9455185755993168, 0.9396926207859084, 0.9335804264972017, 0.9271838545667874, 0.9205048534524404, 0.9135454576426009, 0.9063077870366499, 0.898794046299167, 0.8910065241883679, 0.882947592858927, 0.8746197071393957, 0.8660254037844387, 0.8571673007021123, 0.848048096156426, 0.838670567945424, 0.8290375725550416, 0.8191520442889918, 0.8090169943749475, 0.7986355100472928, 0.7880107536067219, 0.7771459614569709, 0.766044443118978, 0.754709580222772, 0.7431448254773942, 0.7313537016191705, 0.7193398003386512, 0.7071067811865476, 0.6946583704589973, 0.6819983600624985, 0.6691306063588582, 0.6560590289905073, 0.6427876096865394, 0.6293203910498375, 0.6156614753256583, 0.6018150231520484, 0.5877852522924731, 0.5735764363510462, 0.5591929034707468, 0.5446390350150271, 0.5299192642332049, 0.5150380749100542, 0.5000000000000001, 0.4848096202463371, 0.46947156278589086, 0.4539904997395468, 0.43837114678907746, 0.42261826174069944, 0.4067366430758002, 0.3907311284892737, 0.37460659341591196, 0.3583679495453004, 0.3420201433256688, 0.32556815445715676, 0.30901699437494745, 0.29237170472273677, 0.27563735581699916, 0.25881904510252074, 0.24192189559966767, 0.22495105434386492, 0.20791169081775945, 0.19080899537654492, 0.17364817766693041, 0.15643446504023092, 0.13917310096006547, 0.12186934340514749, 0.10452846326765346, 0.08715574274765814, 0.06975647374412523, 0.052335956242943966, 0.03489949670250108, 0.0174524064372836, 6.123233995736766e-17]\n",
      "\n",
      "True\n"
     ]
    }
   ],
   "source": [
    "cos_lc = [math.cos( radians(d) ) for d in range(0, 91)]\n",
    "print(cos_lc)\n",
    "print()\n",
    "print(cos == cos_lc)"
   ]
  },
  {
   "cell_type": "markdown",
   "metadata": {
    "slideshow": {
     "slide_type": "fragment"
    }
   },
   "source": [
    "The list comprehension syntax can be thought of as an **expression** (e.g., what to do to each element) followed by a **for clause**, all surrounded by brackets. \n",
    "\n",
    "We can include an **if clause** to include only certain elements (for example, those whose degrees are divisible by 10) in the final list:"
   ]
  },
  {
   "cell_type": "code",
   "execution_count": 4,
   "metadata": {
    "slideshow": {
     "slide_type": "fragment"
    }
   },
   "outputs": [
    {
     "name": "stdout",
     "output_type": "stream",
     "text": [
      "[1.0, 0.984807753012208, 0.9396926207859084, 0.8660254037844387, 0.766044443118978, 0.6427876096865394, 0.5000000000000001, 0.3420201433256688, 0.17364817766693041, 6.123233995736766e-17]\n",
      "\n"
     ]
    }
   ],
   "source": [
    "cos_divisible10 = []\n",
    "for d in range(0, 91):\n",
    "    if d % 10 == 0:\n",
    "        cos_divisible10.append( math.cos( radians(d) ) )\n",
    "print(cos_divisible10)\n",
    "print()"
   ]
  },
  {
   "cell_type": "code",
   "execution_count": 5,
   "metadata": {
    "slideshow": {
     "slide_type": "fragment"
    }
   },
   "outputs": [
    {
     "name": "stdout",
     "output_type": "stream",
     "text": [
      "[1.0, 0.984807753012208, 0.9396926207859084, 0.8660254037844387, 0.766044443118978, 0.6427876096865394, 0.5000000000000001, 0.3420201433256688, 0.17364817766693041, 6.123233995736766e-17]\n",
      "\n"
     ]
    }
   ],
   "source": [
    "cos_divisible10_lc = [math.cos( radians(d) ) for d in range(0, 91) if d % 10 == 0]\n",
    "print(cos_divisible10_lc)\n",
    "print()\n",
    "\n",
    "# print(cos_divisible10 == cos_divisible10_lc)"
   ]
  },
  {
   "cell_type": "markdown",
   "metadata": {
    "slideshow": {
     "slide_type": "fragment"
    }
   },
   "source": [
    "We can also include multiple input variables and/or multiple output variables:"
   ]
  },
  {
   "cell_type": "code",
   "execution_count": 6,
   "metadata": {
    "slideshow": {
     "slide_type": "fragment"
    }
   },
   "outputs": [
    {
     "name": "stdout",
     "output_type": "stream",
     "text": [
      "[(1.0, 1.0), (1.7071067811865475, 1.5), (2.0, 2.0), (0.7071067811865476, 0.5000000000000001), (1.414213562373095, 1.0), (1.7071067811865475, 1.5), (6.123233995736766e-17, 3.749399456654644e-33), (0.7071067811865476, 0.4999999999999999), (1.0, 1.0)]\n",
      "\n"
     ]
    }
   ],
   "source": [
    "def cos_plus_sin(d1, d2):\n",
    "    return math.cos( radians(d1) ) + math.sin( radians(d2) )\n",
    "def cos2_plus_sin2(d1, d2):\n",
    "    return math.cos( radians(d1) ) **2 + math.sin( radians(d2) ) **2\n",
    "\n",
    "cos_sin_tuples = []\n",
    "for d1 in range(0, 91, 45):\n",
    "    for d2 in range(0, 91, 45):\n",
    "        cos_sin_tuples.append( (cos_plus_sin(d1, d2), cos2_plus_sin2(d1, d2)) )\n",
    "print(cos_sin_tuples)\n",
    "print()"
   ]
  },
  {
   "cell_type": "code",
   "execution_count": 7,
   "metadata": {
    "slideshow": {
     "slide_type": "fragment"
    }
   },
   "outputs": [
    {
     "name": "stdout",
     "output_type": "stream",
     "text": [
      "[(1.0, 1.0), (1.7071067811865475, 1.5), (2.0, 2.0), (0.7071067811865476, 0.5000000000000001), (1.414213562373095, 1.0), (1.7071067811865475, 1.5), (6.123233995736766e-17, 3.749399456654644e-33), (0.7071067811865476, 0.4999999999999999), (1.0, 1.0)]\n",
      "\n",
      "True\n"
     ]
    }
   ],
   "source": [
    "cos_sin_tuples_lc = [(cos_plus_sin(d1, d2), cos2_plus_sin2(d1, d2)) for d1 in range(0, 91, 45) for d2 in range(0, 91, 45)]\n",
    "print(cos_sin_tuples_lc)\n",
    "print()\n",
    "\n",
    "print(cos_sin_tuples == cos_sin_tuples_lc)"
   ]
  },
  {
   "cell_type": "markdown",
   "metadata": {
    "slideshow": {
     "slide_type": "slide"
    }
   },
   "source": [
    "### In class exercise\n",
    "Assume you work for the county office of environmental quality, and are administering a program that will provide subsidized water quality assessments for all households that rely on private groundwater wells and have incomes less than \\$30,000 per year. First I will create random demographic data for 1000 households (but pretend for the exercise that this was retrieved from a county database)."
   ]
  },
  {
   "cell_type": "code",
   "execution_count": 8,
   "metadata": {
    "slideshow": {
     "slide_type": "fragment"
    }
   },
   "outputs": [],
   "source": [
    "import random\n",
    "## numeric index for each household in county\n",
    "household = list(range(1000))\n",
    "# print(household)"
   ]
  },
  {
   "cell_type": "code",
   "execution_count": 9,
   "metadata": {
    "slideshow": {
     "slide_type": "fragment"
    }
   },
   "outputs": [],
   "source": [
    "## water source for each household\n",
    "water = [random.choices(['municipal', 'private'], weights = [0.6, 0.4], k=1)[0] for h in household]\n",
    "# print(water)"
   ]
  },
  {
   "cell_type": "code",
   "execution_count": 10,
   "metadata": {
    "slideshow": {
     "slide_type": "fragment"
    }
   },
   "outputs": [],
   "source": [
    "## income for each household \n",
    "income = [max(random.gauss(50000, 20000), 0) for h in household]\n",
    "# print(income)"
   ]
  },
  {
   "cell_type": "markdown",
   "metadata": {
    "slideshow": {
     "slide_type": "fragment"
    }
   },
   "source": [
    "Now use list comprehension to find the list of households meeting our two criteria. How many households will we need to test?"
   ]
  },
  {
   "cell_type": "markdown",
   "metadata": {
    "slideshow": {
     "slide_type": "slide"
    }
   },
   "source": [
    "## NumPy\n",
    "[NumPy](https://numpy.org/doc/stable/) is one of the most popular packages for scientific computing and data science, and is included in the standard Anaconda installation. It is commonly imported with the **alias** ``np``. "
   ]
  },
  {
   "cell_type": "code",
   "execution_count": 11,
   "metadata": {
    "slideshow": {
     "slide_type": "fragment"
    }
   },
   "outputs": [],
   "source": [
    "import numpy as np"
   ]
  },
  {
   "cell_type": "markdown",
   "metadata": {
    "slideshow": {
     "slide_type": "slide"
    }
   },
   "source": [
    "### Creating NumPy arrays\n",
    "NumPy supports a new type of data structure: the **NumPy array**. NumPy arrays are designed to handle large, multi-dimensional arrays of numbers much more easily and efficiently than standard lists."
   ]
  },
  {
   "cell_type": "code",
   "execution_count": 12,
   "metadata": {
    "slideshow": {
     "slide_type": "fragment"
    }
   },
   "outputs": [
    {
     "name": "stdout",
     "output_type": "stream",
     "text": [
      "[[1, 2, 3, 4, 5], [10, 9, 8, 7, 6]] <class 'list'>\n"
     ]
    }
   ],
   "source": [
    "# here is a standard list with two dimensions\n",
    "l = [[1, 2, 3, 4, 5], [10, 9, 8, 7, 6]]\n",
    "print(l, type(l))"
   ]
  },
  {
   "cell_type": "code",
   "execution_count": 13,
   "metadata": {
    "slideshow": {
     "slide_type": "fragment"
    }
   },
   "outputs": [
    {
     "name": "stdout",
     "output_type": "stream",
     "text": [
      "[[ 1  2  3  4  5]\n",
      " [10  9  8  7  6]] <class 'numpy.ndarray'>\n"
     ]
    }
   ],
   "source": [
    "# create a 2D numpy array from l\n",
    "a = np.array(l)\n",
    "print(a, type(a))"
   ]
  },
  {
   "cell_type": "markdown",
   "metadata": {
    "slideshow": {
     "slide_type": "fragment"
    }
   },
   "source": [
    "Note that, unlike the basic data structures such as lists, **all elements in a NumPy array must be the same type**. Although string types are allowed, NumPy is most commonly used with numeric types such as int and float."
   ]
  },
  {
   "cell_type": "markdown",
   "metadata": {
    "slideshow": {
     "slide_type": "fragment"
    }
   },
   "source": [
    "We access the elements the same way as lists:"
   ]
  },
  {
   "cell_type": "code",
   "execution_count": 14,
   "metadata": {
    "slideshow": {
     "slide_type": "fragment"
    }
   },
   "outputs": [
    {
     "name": "stdout",
     "output_type": "stream",
     "text": [
      "10\n",
      "10\n"
     ]
    }
   ],
   "source": [
    "print(l[1][0])\n",
    "print(a[1][0])"
   ]
  },
  {
   "cell_type": "markdown",
   "metadata": {
    "slideshow": {
     "slide_type": "fragment"
    }
   },
   "source": [
    "Or, alternatively, in a single brackets and separated by a comma:"
   ]
  },
  {
   "cell_type": "code",
   "execution_count": 15,
   "metadata": {
    "slideshow": {
     "slide_type": "fragment"
    }
   },
   "outputs": [
    {
     "name": "stdout",
     "output_type": "stream",
     "text": [
      "3\n"
     ]
    }
   ],
   "source": [
    "print(a[0, 2])"
   ]
  },
  {
   "cell_type": "markdown",
   "metadata": {
    "slideshow": {
     "slide_type": "fragment"
    }
   },
   "source": [
    "We can get the number of dimensions and the shape of an array using its ``ndim`` and ``shape`` **properties**. For a 2D array, the shape is (number of rows, number of columns). For larger arrays, it always goes from the innermost set of brackets to the outermost set of brackets."
   ]
  },
  {
   "cell_type": "code",
   "execution_count": 16,
   "metadata": {
    "slideshow": {
     "slide_type": "fragment"
    }
   },
   "outputs": [
    {
     "name": "stdout",
     "output_type": "stream",
     "text": [
      "2\n",
      "(2, 5)\n",
      "1\n",
      "2\n",
      "3\n",
      "4\n",
      "5\n",
      "10\n",
      "9\n",
      "8\n",
      "7\n",
      "6\n"
     ]
    }
   ],
   "source": [
    "print( a.ndim )\n",
    "print( a.shape )\n",
    "for i in range(a.shape[0]):\n",
    "    for j in range(a.shape[1]):\n",
    "        print( a[i, j])"
   ]
  },
  {
   "cell_type": "markdown",
   "metadata": {
    "slideshow": {
     "slide_type": "fragment"
    }
   },
   "source": [
    "We can also do multi-dimensional **slices**"
   ]
  },
  {
   "cell_type": "code",
   "execution_count": 17,
   "metadata": {
    "slideshow": {
     "slide_type": "fragment"
    }
   },
   "outputs": [
    {
     "name": "stdout",
     "output_type": "stream",
     "text": [
      "[[2 3 4]\n",
      " [9 8 7]]\n"
     ]
    }
   ],
   "source": [
    "print(a[:, 1:4])"
   ]
  },
  {
   "cell_type": "markdown",
   "metadata": {
    "slideshow": {
     "slide_type": "slide"
    }
   },
   "source": [
    "NumPy also has handy **functions** for creating different types of arrays. For example, we can create a new array filled with ones or zeros:"
   ]
  },
  {
   "cell_type": "code",
   "execution_count": 18,
   "metadata": {
    "slideshow": {
     "slide_type": "fragment"
    }
   },
   "outputs": [
    {
     "name": "stdout",
     "output_type": "stream",
     "text": [
      "[1. 1. 1.] (3,)\n"
     ]
    }
   ],
   "source": [
    "# with a single argument, we will get a 1D array of that length\n",
    "a = np.ones(3)\n",
    "print(a, a.shape)"
   ]
  },
  {
   "cell_type": "code",
   "execution_count": 19,
   "metadata": {
    "slideshow": {
     "slide_type": "fragment"
    }
   },
   "outputs": [
    {
     "name": "stdout",
     "output_type": "stream",
     "text": [
      "[3. 3. 3.] (3,)\n"
     ]
    }
   ],
   "source": [
    "# with a single argument, we will get a 1D array of that length\n",
    "a = np.ones(3)*3\n",
    "print(a, a.shape)"
   ]
  },
  {
   "cell_type": "code",
   "execution_count": 20,
   "metadata": {
    "scrolled": false,
    "slideshow": {
     "slide_type": "fragment"
    }
   },
   "outputs": [
    {
     "name": "stdout",
     "output_type": "stream",
     "text": [
      "[[[0. 0. 0. 0. 0. 0. 0. 0. 0. 0. 0. 0. 0. 0. 0. 0. 0. 0. 0. 0.]\n",
      "  [0. 0. 0. 0. 0. 0. 0. 0. 0. 0. 0. 0. 0. 0. 0. 0. 0. 0. 0. 0.]\n",
      "  [0. 0. 0. 0. 0. 0. 0. 0. 0. 0. 0. 0. 0. 0. 0. 0. 0. 0. 0. 0.]\n",
      "  [0. 0. 0. 0. 0. 0. 0. 0. 0. 0. 0. 0. 0. 0. 0. 0. 0. 0. 0. 0.]\n",
      "  [0. 0. 0. 0. 0. 0. 0. 0. 0. 0. 0. 0. 0. 0. 0. 0. 0. 0. 0. 0.]\n",
      "  [0. 0. 0. 0. 0. 0. 0. 0. 0. 0. 0. 0. 0. 0. 0. 0. 0. 0. 0. 0.]\n",
      "  [0. 0. 0. 0. 0. 0. 0. 0. 0. 0. 0. 0. 0. 0. 0. 0. 0. 0. 0. 0.]\n",
      "  [0. 0. 0. 0. 0. 0. 0. 0. 0. 0. 0. 0. 0. 0. 0. 0. 0. 0. 0. 0.]\n",
      "  [0. 0. 0. 0. 0. 0. 0. 0. 0. 0. 0. 0. 0. 0. 0. 0. 0. 0. 0. 0.]\n",
      "  [0. 0. 0. 0. 0. 0. 0. 0. 0. 0. 0. 0. 0. 0. 0. 0. 0. 0. 0. 0.]]\n",
      "\n",
      " [[0. 0. 0. 0. 0. 0. 0. 0. 0. 0. 0. 0. 0. 0. 0. 0. 0. 0. 0. 0.]\n",
      "  [0. 0. 0. 0. 0. 0. 0. 0. 0. 0. 0. 0. 0. 0. 0. 0. 0. 0. 0. 0.]\n",
      "  [0. 0. 0. 0. 0. 0. 0. 0. 0. 0. 0. 0. 0. 0. 0. 0. 0. 0. 0. 0.]\n",
      "  [0. 0. 0. 0. 0. 0. 0. 0. 0. 0. 0. 0. 0. 0. 0. 0. 0. 0. 0. 0.]\n",
      "  [0. 0. 0. 0. 0. 0. 0. 0. 0. 0. 0. 0. 0. 0. 0. 0. 0. 0. 0. 0.]\n",
      "  [0. 0. 0. 0. 0. 0. 0. 0. 0. 0. 0. 0. 0. 0. 0. 0. 0. 0. 0. 0.]\n",
      "  [0. 0. 0. 0. 0. 0. 0. 0. 0. 0. 0. 0. 0. 0. 0. 0. 0. 0. 0. 0.]\n",
      "  [0. 0. 0. 0. 0. 0. 0. 0. 0. 0. 0. 0. 0. 0. 0. 0. 0. 0. 0. 0.]\n",
      "  [0. 0. 0. 0. 0. 0. 0. 0. 0. 0. 0. 0. 0. 0. 0. 0. 0. 0. 0. 0.]\n",
      "  [0. 0. 0. 0. 0. 0. 0. 0. 0. 0. 0. 0. 0. 0. 0. 0. 0. 0. 0. 0.]]\n",
      "\n",
      " [[0. 0. 0. 0. 0. 0. 0. 0. 0. 0. 0. 0. 0. 0. 0. 0. 0. 0. 0. 0.]\n",
      "  [0. 0. 0. 0. 0. 0. 0. 0. 0. 0. 0. 0. 0. 0. 0. 0. 0. 0. 0. 0.]\n",
      "  [0. 0. 0. 0. 0. 0. 0. 0. 0. 0. 0. 0. 0. 0. 0. 0. 0. 0. 0. 0.]\n",
      "  [0. 0. 0. 0. 0. 0. 0. 0. 0. 0. 0. 0. 0. 0. 0. 0. 0. 0. 0. 0.]\n",
      "  [0. 0. 0. 0. 0. 0. 0. 0. 0. 0. 0. 0. 0. 0. 0. 0. 0. 0. 0. 0.]\n",
      "  [0. 0. 0. 0. 0. 0. 0. 0. 0. 0. 0. 0. 0. 0. 0. 0. 0. 0. 0. 0.]\n",
      "  [0. 0. 0. 0. 0. 0. 0. 0. 0. 0. 0. 0. 0. 0. 0. 0. 0. 0. 0. 0.]\n",
      "  [0. 0. 0. 0. 0. 0. 0. 0. 0. 0. 0. 0. 0. 0. 0. 0. 0. 0. 0. 0.]\n",
      "  [0. 0. 0. 0. 0. 0. 0. 0. 0. 0. 0. 0. 0. 0. 0. 0. 0. 0. 0. 0.]\n",
      "  [0. 0. 0. 0. 0. 0. 0. 0. 0. 0. 0. 0. 0. 0. 0. 0. 0. 0. 0. 0.]]] (3, 10, 20)\n"
     ]
    }
   ],
   "source": [
    "# alternatively, we can give a tuple or list for multi-dimensional arrays\n",
    "a = np.zeros((3, 10, 20))\n",
    "print(a, a.shape)"
   ]
  },
  {
   "cell_type": "markdown",
   "metadata": {
    "slideshow": {
     "slide_type": "slide"
    }
   },
   "source": [
    "We can also create **sequences** of numbers easily (similar to list(range()) for lists):"
   ]
  },
  {
   "cell_type": "code",
   "execution_count": 21,
   "metadata": {
    "slideshow": {
     "slide_type": "fragment"
    }
   },
   "outputs": [
    {
     "name": "stdout",
     "output_type": "stream",
     "text": [
      "[0 1 2 3 4 5 6 7 8 9] <class 'numpy.ndarray'>\n"
     ]
    }
   ],
   "source": [
    "# with one argument, it is assumed to start at zero and count up by one until it reaches your number (not inclusive, it will stop before your number)\n",
    "a = np.arange(10)\n",
    "print(a, type(a))"
   ]
  },
  {
   "cell_type": "code",
   "execution_count": 22,
   "metadata": {
    "slideshow": {
     "slide_type": "fragment"
    }
   },
   "outputs": [
    {
     "name": "stdout",
     "output_type": "stream",
     "text": [
      "[100 101 102 103 104 105 106 107 108 109 110 111 112 113 114 115 116 117\n",
      " 118 119]\n"
     ]
    }
   ],
   "source": [
    "# with two arguments, it will start at the 1st number and count up by 1 until reaching the 2nd number\n",
    "a = np.arange(100, 120)\n",
    "print(a)"
   ]
  },
  {
   "cell_type": "code",
   "execution_count": 23,
   "metadata": {
    "slideshow": {
     "slide_type": "fragment"
    }
   },
   "outputs": [
    {
     "name": "stdout",
     "output_type": "stream",
     "text": [
      "[ 10   5   0  -5 -10 -15 -20]\n"
     ]
    }
   ],
   "source": [
    "# with three arguments, it will start at the 1st and count by increments of the 3rd number until it reaches the 2rd number (again not inclusive)\n",
    "a = np.arange(10, -21, -5)\n",
    "print(a)"
   ]
  },
  {
   "cell_type": "markdown",
   "metadata": {
    "slideshow": {
     "slide_type": "slide"
    }
   },
   "source": [
    "We can draw **random samples** from a normal distribution (or many other distributions). NumPy has functions for creating whole arrays at a time, rather than the one-by-one approach needed for the ``random`` module."
   ]
  },
  {
   "cell_type": "code",
   "execution_count": 24,
   "metadata": {
    "slideshow": {
     "slide_type": "fragment"
    }
   },
   "outputs": [
    {
     "name": "stdout",
     "output_type": "stream",
     "text": [
      "[[ 9.36237955 22.44480965 11.57792989 15.02473124  4.49549165 22.71585532\n",
      "  15.67406652 -0.0513272  17.17435491 11.45989197]\n",
      " [ 4.91606205  4.25811471  9.57682498 11.6286654  24.23646103 21.29772585\n",
      "   9.97908358 10.1154093   4.95000275 -7.76083539]\n",
      " [ 8.90318581  5.26311915 11.22840978  4.89847608  9.5007641  11.71336958\n",
      "  20.22803545  4.70123392  0.18841485  5.7480882 ]\n",
      " [16.8334066   0.89632901 17.68067056  5.1638311  15.97932614  5.24160249\n",
      "  10.84790493  4.20492827 19.97649486 21.77050324]\n",
      " [-4.20869991  9.65486085  6.07739072  6.57658338 10.26036376  2.24603248\n",
      "  10.84930473 14.17485957 16.15187673  4.26391888]\n",
      " [10.06221922 18.74598551  7.04970248 11.24001649 14.9783088   8.45205573\n",
      "  18.55375384  9.88684085 10.42270003 20.58194496]\n",
      " [15.72507624 14.41194216 14.85741556 10.35201429 15.04184786  2.64624034\n",
      "  18.17574123 13.54712098 19.23381418  6.39817635]\n",
      " [10.71930556 12.02351423 20.22674506  7.30108754  5.52038532 11.89939608\n",
      "  12.95452277  9.56196872 21.83305109  5.44281665]\n",
      " [14.32437711 14.18852693  0.99264133  9.50343724 15.69197373  2.78859478\n",
      "  16.22030862 11.68998333  5.72320531 11.83821788]\n",
      " [ 9.25348542 16.44216805 16.84480186  4.80104398  3.37963067  8.92689412\n",
      "  10.14206129  2.57340079 13.79029827 -2.81577316]]\n"
     ]
    }
   ],
   "source": [
    "a = np.random.normal(loc = 10, scale = 8, size = (10, 10))\n",
    "print(a)"
   ]
  },
  {
   "cell_type": "markdown",
   "metadata": {
    "slideshow": {
     "slide_type": "slide"
    }
   },
   "source": [
    "### Doing math with NumPy\n",
    "NumPy makes it very easy to do **element-wise** arithmetic within and between arrays"
   ]
  },
  {
   "cell_type": "code",
   "execution_count": 25,
   "metadata": {
    "slideshow": {
     "slide_type": "fragment"
    }
   },
   "outputs": [
    {
     "name": "stdout",
     "output_type": "stream",
     "text": [
      "[4 5 6]\n"
     ]
    }
   ],
   "source": [
    "a = np.array([1, 2, 3])\n",
    "b = a + 3\n",
    "print(b)"
   ]
  },
  {
   "cell_type": "code",
   "execution_count": 26,
   "metadata": {
    "slideshow": {
     "slide_type": "fragment"
    }
   },
   "outputs": [
    {
     "name": "stdout",
     "output_type": "stream",
     "text": [
      "[2 4 6]\n"
     ]
    }
   ],
   "source": [
    "c = a * 2\n",
    "print(c)"
   ]
  },
  {
   "cell_type": "code",
   "execution_count": 27,
   "metadata": {
    "slideshow": {
     "slide_type": "fragment"
    }
   },
   "outputs": [
    {
     "name": "stdout",
     "output_type": "stream",
     "text": [
      "[1 4 9]\n"
     ]
    }
   ],
   "source": [
    "d = a ** 2\n",
    "print(d)"
   ]
  },
  {
   "cell_type": "code",
   "execution_count": 28,
   "metadata": {
    "slideshow": {
     "slide_type": "fragment"
    }
   },
   "outputs": [
    {
     "name": "stdout",
     "output_type": "stream",
     "text": [
      "[ 2  6 12]\n"
     ]
    }
   ],
   "source": [
    "e = a + d\n",
    "print(e)"
   ]
  },
  {
   "cell_type": "code",
   "execution_count": 29,
   "metadata": {
    "slideshow": {
     "slide_type": "fragment"
    }
   },
   "outputs": [
    {
     "name": "stdout",
     "output_type": "stream",
     "text": [
      "[ 1  4 27]\n"
     ]
    }
   ],
   "source": [
    "f = a ** a\n",
    "print(f)"
   ]
  },
  {
   "cell_type": "markdown",
   "metadata": {
    "slideshow": {
     "slide_type": "slide"
    }
   },
   "source": [
    "NumPy also has many useful functions that perform more complex **mathematical operations** on these arrays. Below are some examples, and many more can be found [here](https://www.geeksforgeeks.org/numpy-mathematical-function/)"
   ]
  },
  {
   "cell_type": "code",
   "execution_count": 30,
   "metadata": {
    "slideshow": {
     "slide_type": "fragment"
    }
   },
   "outputs": [
    {
     "name": "stdout",
     "output_type": "stream",
     "text": [
      "[[ 1.09155641e+01  9.15442772e+00  2.49702844e+01  1.38870522e+01\n",
      "   1.16963603e+01  7.52927490e+00  3.24409930e+00  4.86546955e+00\n",
      "   1.33780068e+01  8.21996553e+00]\n",
      " [ 1.40458345e+01  1.69557423e+00 -4.28152727e+00  1.04195354e+01\n",
      "   8.52530159e+00  1.20538504e+01 -5.98872717e+00  5.15375197e+00\n",
      "   1.43877863e+01 -9.97062520e-03]\n",
      " [ 1.51672781e+01  1.63619597e+01  1.77877112e+01  6.44213712e+00\n",
      "   1.32667700e+01  3.81786176e+00  1.89480367e-01  7.23531749e+00\n",
      "   8.53688961e+00  2.25060389e+01]\n",
      " [ 1.24609327e+01  1.12668913e+01  8.51566137e+00  6.45947787e+00\n",
      "   9.18489353e+00  4.60849438e+00  4.38204831e+00  5.02589624e+00\n",
      "   1.26407802e+01  4.69336431e+00]\n",
      " [ 1.81937591e+01  6.02977444e+00  8.74743312e+00  2.84879194e+00\n",
      "   7.60570678e+00 -1.25044099e+01  1.56082337e+01  1.94606718e+01\n",
      "   2.38333908e+01  7.92550105e+00]\n",
      " [ 2.91481761e+00  2.01887628e+01  9.47205292e+00 -2.26000897e+00\n",
      "   7.85057344e+00  1.24898109e+01  1.23399145e+01  1.88767131e+01\n",
      "   1.28947149e+01  1.73399381e+01]\n",
      " [ 5.87193880e+00  1.04032614e+01  1.48141751e+01  1.69499806e+01\n",
      "   1.18413624e+01  7.84808421e+00  1.68470968e+01  1.34850752e+01\n",
      "   3.64927099e+00 -3.16494512e+00]\n",
      " [-2.92077973e+00  1.63558090e+01  2.83582622e+01  6.59348244e+00\n",
      "   4.10279417e+00  8.87688170e+00  1.41615670e+01 -5.15824589e+00\n",
      "   7.89733590e+00  2.48438117e+00]\n",
      " [-9.36071330e-02  1.30223409e+01  1.36621419e+01  1.06313192e+01\n",
      "   7.73879164e+00  1.39137554e+01  1.38352724e+01  5.04054953e+00\n",
      "   1.60634345e+01  1.17058456e+01]\n",
      " [ 1.61415770e+00  2.01050383e+01 -5.62737997e+00  1.92528834e+01\n",
      "   1.62554708e+01 -3.33334850e+00  1.25585158e+01  5.16152405e+00\n",
      "   2.95439708e+00  2.33639325e+01]]\n",
      "\n",
      "Min: -12.504409900863731\n",
      "\n"
     ]
    }
   ],
   "source": [
    "a = np.random.normal(loc = 10, scale = 8, size = (10, 10))\n",
    "print(a)\n",
    "print()\n",
    "# statistics\n",
    "print(f'Min: {a.min()}')\n",
    "print()"
   ]
  },
  {
   "cell_type": "code",
   "execution_count": 31,
   "metadata": {
    "slideshow": {
     "slide_type": "fragment"
    }
   },
   "outputs": [
    {
     "name": "stdout",
     "output_type": "stream",
     "text": [
      "Max of each row: [24.97028436 14.38778632 22.5060389  12.6407802  23.83339078 20.18876277\n",
      " 16.94998061 28.35826224 16.06343448 23.36393254]\n",
      "\n"
     ]
    }
   ],
   "source": [
    "print(f'Max of each row: {a.max(axis=1)}' )\n",
    "print()"
   ]
  },
  {
   "cell_type": "code",
   "execution_count": 32,
   "metadata": {
    "slideshow": {
     "slide_type": "fragment"
    }
   },
   "outputs": [
    {
     "name": "stdout",
     "output_type": "stream",
     "text": [
      "Mean of each column: [ 7.81698957 12.45838398 11.6418815   9.12246512  9.80680247  5.53002552\n",
      "  8.7177501   7.91467231 11.62360071  9.50640514]\n",
      "\n"
     ]
    }
   ],
   "source": [
    "print(f'Mean of each column: {a.mean(axis=0)}' )\n",
    "print()"
   ]
  },
  {
   "cell_type": "code",
   "execution_count": 33,
   "metadata": {
    "slideshow": {
     "slide_type": "fragment"
    }
   },
   "outputs": [
    {
     "name": "stdout",
     "output_type": "stream",
     "text": [
      "Std: 7.408878018296668\n",
      "\n"
     ]
    }
   ],
   "source": [
    "print(f'Std: {a.std()}' )\n",
    "print()"
   ]
  },
  {
   "cell_type": "code",
   "execution_count": 34,
   "metadata": {
    "slideshow": {
     "slide_type": "fragment"
    }
   },
   "outputs": [
    {
     "name": "stdout",
     "output_type": "stream",
     "text": [
      "5th percentile: -3.3807574379598444\n",
      "\n"
     ]
    }
   ],
   "source": [
    "print(f'5th percentile: {np.quantile(a, 0.05)}' )\n",
    "print()"
   ]
  },
  {
   "cell_type": "code",
   "execution_count": 35,
   "metadata": {
    "slideshow": {
     "slide_type": "fragment"
    }
   },
   "outputs": [
    {
     "name": "stdout",
     "output_type": "stream",
     "text": [
      "Sum of each row: [107.86050478  56.00140932 111.31144417  79.23844024  97.7488528\n",
      " 112.10728925  98.54530046  80.75148799 105.51984395  92.30519118]\n"
     ]
    }
   ],
   "source": [
    "print(f'Sum of each row: {a.sum(axis=1)}')"
   ]
  },
  {
   "cell_type": "code",
   "execution_count": 36,
   "metadata": {
    "slideshow": {
     "slide_type": "fragment"
    }
   },
   "outputs": [
    {
     "name": "stdout",
     "output_type": "stream",
     "text": [
      "[[ 3.24409930e+00  4.86546955e+00  7.52927490e+00  8.21996553e+00\n",
      "   9.15442772e+00  1.09155641e+01  1.16963603e+01  1.33780068e+01\n",
      "   1.38870522e+01  2.49702844e+01]\n",
      " [-5.98872717e+00 -4.28152727e+00 -9.97062520e-03  1.69557423e+00\n",
      "   5.15375197e+00  8.52530159e+00  1.04195354e+01  1.20538504e+01\n",
      "   1.40458345e+01  1.43877863e+01]\n",
      " [ 1.89480367e-01  3.81786176e+00  6.44213712e+00  7.23531749e+00\n",
      "   8.53688961e+00  1.32667700e+01  1.51672781e+01  1.63619597e+01\n",
      "   1.77877112e+01  2.25060389e+01]\n",
      " [ 4.38204831e+00  4.60849438e+00  4.69336431e+00  5.02589624e+00\n",
      "   6.45947787e+00  8.51566137e+00  9.18489353e+00  1.12668913e+01\n",
      "   1.24609327e+01  1.26407802e+01]\n",
      " [-1.25044099e+01  2.84879194e+00  6.02977444e+00  7.60570678e+00\n",
      "   7.92550105e+00  8.74743312e+00  1.56082337e+01  1.81937591e+01\n",
      "   1.94606718e+01  2.38333908e+01]\n",
      " [-2.26000897e+00  2.91481761e+00  7.85057344e+00  9.47205292e+00\n",
      "   1.23399145e+01  1.24898109e+01  1.28947149e+01  1.73399381e+01\n",
      "   1.88767131e+01  2.01887628e+01]\n",
      " [-3.16494512e+00  3.64927099e+00  5.87193880e+00  7.84808421e+00\n",
      "   1.04032614e+01  1.18413624e+01  1.34850752e+01  1.48141751e+01\n",
      "   1.68470968e+01  1.69499806e+01]\n",
      " [-5.15824589e+00 -2.92077973e+00  2.48438117e+00  4.10279417e+00\n",
      "   6.59348244e+00  7.89733590e+00  8.87688170e+00  1.41615670e+01\n",
      "   1.63558090e+01  2.83582622e+01]\n",
      " [-9.36071330e-02  5.04054953e+00  7.73879164e+00  1.06313192e+01\n",
      "   1.17058456e+01  1.30223409e+01  1.36621419e+01  1.38352724e+01\n",
      "   1.39137554e+01  1.60634345e+01]\n",
      " [-5.62737997e+00 -3.33334850e+00  1.61415770e+00  2.95439708e+00\n",
      "   5.16152405e+00  1.25585158e+01  1.62554708e+01  1.92528834e+01\n",
      "   2.01050383e+01  2.33639325e+01]]\n"
     ]
    }
   ],
   "source": [
    "# sort each row\n",
    "print( np.sort(a, axis=1) )"
   ]
  },
  {
   "cell_type": "code",
   "execution_count": 37,
   "metadata": {
    "slideshow": {
     "slide_type": "fragment"
    }
   },
   "outputs": [
    {
     "name": "stdout",
     "output_type": "stream",
     "text": [
      "[[1.09155641e+01 9.15442772e+00 2.49702844e+01 1.38870522e+01\n",
      "  1.16963603e+01 7.52927490e+00 3.24409930e+00 4.86546955e+00\n",
      "  1.33780068e+01 8.21996553e+00]\n",
      " [1.40458345e+01 1.69557423e+00 4.28152727e+00 1.04195354e+01\n",
      "  8.52530159e+00 1.20538504e+01 5.98872717e+00 5.15375197e+00\n",
      "  1.43877863e+01 9.97062520e-03]\n",
      " [1.51672781e+01 1.63619597e+01 1.77877112e+01 6.44213712e+00\n",
      "  1.32667700e+01 3.81786176e+00 1.89480367e-01 7.23531749e+00\n",
      "  8.53688961e+00 2.25060389e+01]\n",
      " [1.24609327e+01 1.12668913e+01 8.51566137e+00 6.45947787e+00\n",
      "  9.18489353e+00 4.60849438e+00 4.38204831e+00 5.02589624e+00\n",
      "  1.26407802e+01 4.69336431e+00]\n",
      " [1.81937591e+01 6.02977444e+00 8.74743312e+00 2.84879194e+00\n",
      "  7.60570678e+00 1.25044099e+01 1.56082337e+01 1.94606718e+01\n",
      "  2.38333908e+01 7.92550105e+00]\n",
      " [2.91481761e+00 2.01887628e+01 9.47205292e+00 2.26000897e+00\n",
      "  7.85057344e+00 1.24898109e+01 1.23399145e+01 1.88767131e+01\n",
      "  1.28947149e+01 1.73399381e+01]\n",
      " [5.87193880e+00 1.04032614e+01 1.48141751e+01 1.69499806e+01\n",
      "  1.18413624e+01 7.84808421e+00 1.68470968e+01 1.34850752e+01\n",
      "  3.64927099e+00 3.16494512e+00]\n",
      " [2.92077973e+00 1.63558090e+01 2.83582622e+01 6.59348244e+00\n",
      "  4.10279417e+00 8.87688170e+00 1.41615670e+01 5.15824589e+00\n",
      "  7.89733590e+00 2.48438117e+00]\n",
      " [9.36071330e-02 1.30223409e+01 1.36621419e+01 1.06313192e+01\n",
      "  7.73879164e+00 1.39137554e+01 1.38352724e+01 5.04054953e+00\n",
      "  1.60634345e+01 1.17058456e+01]\n",
      " [1.61415770e+00 2.01050383e+01 5.62737997e+00 1.92528834e+01\n",
      "  1.62554708e+01 3.33334850e+00 1.25585158e+01 5.16152405e+00\n",
      "  2.95439708e+00 2.33639325e+01]]\n"
     ]
    }
   ],
   "source": [
    "# absolute value of each element\n",
    "print( np.abs(a) )"
   ]
  },
  {
   "cell_type": "code",
   "execution_count": 38,
   "metadata": {
    "slideshow": {
     "slide_type": "fragment"
    }
   },
   "outputs": [
    {
     "name": "stdout",
     "output_type": "stream",
     "text": [
      "[[5.50261658e+04 9.45621733e+03 6.98967062e+10 1.07416285e+06\n",
      "  1.20133670e+05 1.86175505e+03 2.56386071e+01 1.29731840e+02\n",
      "  6.45646112e+05 3.71437436e+03]\n",
      " [1.25900775e+06 5.44977451e+00 1.38215367e-02 3.35078641e+04\n",
      "  5.04070679e+03 1.71759475e+05 2.50685282e-03 1.73079663e+02\n",
      "  1.77229578e+06 9.90078917e-01]\n",
      " [3.86424961e+06 1.27617082e+07 5.31012575e+07 6.27746940e+02\n",
      "  5.77676898e+05 4.55067999e+01 1.20862139e+00 1.38758137e+03\n",
      "  5.09945834e+03 5.94632309e+09]\n",
      " [2.58056201e+05 7.81895549e+04 4.99234676e+03 6.38727471e+02\n",
      "  9.74874201e+03 1.00332973e+02 8.00017341e+01 1.52306699e+02\n",
      "  3.08902262e+05 1.09220012e+02]\n",
      " [7.96983243e+07 4.15621273e+02 6.29451008e+03 1.72669098e+01\n",
      "  2.00963177e+03 3.71025518e-06 6.00578468e+06 2.82919170e+08\n",
      "  2.24238459e+10 2.76695039e+03]\n",
      " [1.84454479e+01 5.85960404e+08 1.29915305e+04 1.04349549e-01\n",
      "  2.56720604e+03 2.65617041e+05 2.28642397e+05 1.57780147e+08\n",
      "  3.98202101e+05 3.39343404e+07]\n",
      " [3.54936466e+02 3.29669687e+04 2.71465420e+06 2.29764562e+07\n",
      "  1.38879566e+05 2.56082362e+03 2.07300897e+07 7.18610831e+05\n",
      "  3.84466279e+01 4.22164586e-02]\n",
      " [5.38916502e-02 1.26834557e+07 2.06936361e+12 7.30319740e+02\n",
      "  6.05091245e+01 7.16441507e+03 1.41348238e+06 5.75178008e-03\n",
      "  2.69010606e+03 1.19936958e+01]\n",
      " [9.10640453e-01 4.52408539e+05 8.57813427e+05 4.14117185e+04\n",
      "  2.29569669e+03 1.10323284e+06 1.01995844e+06 1.54554924e+02\n",
      "  9.46805895e+06 1.21278599e+05]\n",
      " [5.02365472e+00 5.38898763e+08 3.59798983e-03 2.29837560e+08\n",
      "  1.14725848e+07 3.56734523e-02 2.84507761e+05 1.74430093e+02\n",
      "  1.91901492e+01 1.40225494e+10]]\n"
     ]
    }
   ],
   "source": [
    "# exponential\n",
    "print( np.exp(a) )"
   ]
  },
  {
   "cell_type": "code",
   "execution_count": 39,
   "metadata": {
    "scrolled": false,
    "slideshow": {
     "slide_type": "fragment"
    }
   },
   "outputs": [
    {
     "name": "stdout",
     "output_type": "stream",
     "text": [
      "[[3.30387108 3.02562848 4.99702755 3.72653353 3.4199942  2.74395242\n",
      "  1.80113834 2.20578094 3.65759577 2.86704823]\n",
      " [3.74777727 1.30214217        nan 3.22793052 2.91981191 3.47186555\n",
      "         nan 2.27018765 3.79312356        nan]\n",
      " [3.89451898 4.04499193 4.217548   2.53813655 3.64235775 1.95393494\n",
      "  0.43529343 2.68985455 2.92179561 4.744053  ]\n",
      " [3.53000463 3.35661904 2.91816061 2.54155029 3.03065893 2.14674041\n",
      "  2.09333426 2.24185108 3.55538749 2.16641739]\n",
      " [4.2654143  2.4555599  2.95760598 1.68783647 2.75784459        nan\n",
      "  3.95072572 4.41142514 4.88194539 2.81522664]\n",
      " [1.70728369 4.49319071 3.07767005        nan 2.80188748 3.53409265\n",
      "  3.51282144 4.34473396 3.59092118 4.16412512]\n",
      " [2.42320837 3.22540872 3.8489187  4.11703541 3.44112807 2.80144324\n",
      "  4.10452151 3.67220305 1.91030652        nan]\n",
      " [       nan 4.04423157 5.32524762 2.56777772 2.02553553 2.97940962\n",
      "  3.76318575        nan 2.8102199  1.57619198]\n",
      " [       nan 3.60864807 3.69623348 3.26057038 2.78186837 3.73011466\n",
